16916
62493
30198
53683
40185
28781
24462
48399
64815
18295
12218
22760
57982
27966
54894
38929
32865
64243
2315
64454
55041
18633
14557
61006
62615
7591
64747
6727
32315
60645
6308
45688
969
40891
49294
41118
21395
6091
32541
17665
3784
28718
59240
40178
60086
42252
44770
22514
3067
15757
31649
10842
43765
33405
44954
56657
5003
50227
19358
36529
10392
58882
5129
58554
58584
27444
58982
51476
6796
21311
30705
28964
41003
20259
57857
63258
36374
692
43121
48128
34561
49213
36922
59162
50552
17866
18145
3884
54388
42932
46919
58892
8620
38336
64357
23387
42632
15913
15679
22501